{
progress: 0
coins: 0
highscore: 30.11587905883789
total: 119.89049530029297
}